585
193
270
133
143
240
484
374
929
430
429
366
486
164
1
1145
210
2
4
3
5
616
1082
213
540
137
138
139
140
246
228
154
370
372
169
212
227
479
1153
973
128
569
1151
1035
1047
848
747
927
800
926
1036
797
560
1048
1118
1112
643
644
645
647
648
694
716
651
652
658
742
744
1076
705
662
663
664
665
668
669
1068
758
672
673
674
987
966
675
803
756
938
722
316
315
1122
1094
581
944
478
897
734
736
896
899
895
819
861
527
587
507
529
112
296
287
127
461
498
440
816
788
1027
842
812
1081
728
418
417
416
114
245
243
244
321
802
820
755
1121
886
898
923
900
830
783
789
784
908
857
222
223
619
630
622
216
699
310
894
1092
882
358
211
696
947
632
948
969
712
591
710
708
709
707
230
217
983
915
691
465
593
51
110
14
687
284
234
847
846
524
521
526
239
748
241
1192
215
285
346
237
233
104
482
103
232
236
565
431
410
404
403
401
444
406
408
400
411
412
413
398
409
405
402
442
597
596
407
446
592
157
984
936
732
1201
956
1124
549
838
1073
291
1163
303
841
840
576
1075
773
1052
1113
771
769
774
174
1109
1001
1198
463
972
514
543
1099
1125
561
1146
627
839
952
251
1086
1085
1010
1195
1104
1105
173
902
928
951
1126
1029
1064
175
937
968
1135
998
934
1031
1158
901
172
914
437
439
438
17
16
19
18
566
1042
144
214
550
910
795
567
420
119
121
122
120
1021
513
717
578
843
45
48
47
49
702
701
42
40
39
41
44
43
337
219
66
134
71
135
1186
46
220
435
450
38
37
67
64
50
107
336
332
333
1007
586
855
1111
1184
1056
1185
1129
942
693
1059
534
477
533
541
690
278
281
280
1000
1157
515
999
997
1154
940
436
471
470
308
317
294
309
295
1013
804
1138
1026
1155
1156
807
805
806
283